145 230 1 0.34 35000
231 278 2 0.58 35000
279 324 3 0.92 35000
325 351 4 1.23 35000
352 375 5 1.51 35000
376 396 6 1.81 35000
397 415 7 2.09 30000
416 432 8 2.37 30000
433 449 9 2.65 30000
450 464 10 2.96 30000
465 478 11 3.26 30000
479 496 12 3.61 30000
497 508 13 3.96 30000
509 520 14 4.25 25000
521 532 15 4.58 25000
533 543 16 4.92 25000
544 553 17 5.21 25000
554 563 18 5.51 25000
564 573 19 5.82 25000
574 583 20 6.14 15000
584 592 21 6.46 15000
593 604 22 6.83 15000
605 612 23 7.19 15000
613 621 24 7.52 15000
622 629 25 7.83 10000
630 637 26 8.15 10000
638 644 27 8.46 10000
645 652 28 8.76 10000
653 659 29 9.08 10000
660 667 30 9.42 10000
668 674 31 9.75 10000
675 683 32 10.12 7500
684 690 33 10.50 7500
691 696 34 10.81 7500
697 703 35 11.13 7500
704 710 36 11.16 7500
711 716 37 11.47 7500
717 722 38 11.78 7500
723 728 39 12.09 5000
729 734 40 12.40 5000
735 740 41 12.71 5000
741 746 42 13.02 5000
747 752 43 13.33 5000
753 758 44 13.64 5000
759 764 45 13.95 5000
765 770 46 14.26 3000
771 776 47 14.57 3000
777 782 48 14.88 3000
783 787 49 15.19 3000
788 792 50 15.50 3000
793 797 51 15.81 3000
798 802 52 16.12 2000
803 807 53 16.43 2000
808 812 54 16.74 2000
813 817 55 17.05 2000
818 822 56 17.36 2000
823 827 57 17.67 2000
828 832 58 17.98 2000
833 837 59 18.29 1000
838 842 60 18.60 1000
843 847 61 18.91 1000
848 852 62 19.22 1000
853 857 63 19.53 1000
858 862 64 19.84 1000
863 867 65 20.15 1000
868 872 66 20.46 1000
873 877 67 20.77 1000
878 881 68 21.08 1000
882 885 69 21.39 1000
886 889 70 21.70 1000
890 893 71 22.01 1000
894 897 72 22.32 1000
898 901 73 22.63 1000
902 905 74 22.94 1000
906 909 75 23.25 1000
910 913 76 23.56 1000
914 917 77 23.87 1000
918 921 78 24.18 1000
922 925 79 24.49 1000
926 929 80 24.80 1000
930 933 81 25.11 1000
934 937 82 25.42 1000
938 941 83 25.73 1000
942 945 84 26.04 1000
946 949 85 26.35 1000
950 953 86 26.66 1000
954 957 87 26.97 1000
958 961 88 27.28 1000
962 965 89 27.59 1000
966 969 90 27.90 1000
970 973 91 28.21 1000
974 977 92 28.52 1000
978 981 93 28.83 1000
982 985 94 29.14 1000
986 989 95 29.45 1000
990 993 96 29.76 1000
994 997 97 30.07 1000
998 1001 98 30.38 1000
1002 1005 99 30.69 1000
1006 1009 100 31.00 1000